4 0.4328125 0.5515625 0.1140625 0.2046875
4 0.13203125 0.9265625 0.2203125 0.146875
4 0.2640625 0.7640625 0.10703125 0.14140625
4 0.25859375 0.53671875 0.1140625 0.16796875
4 0.684375 0.94453125 0.090625 0.1109375
4 0.79609375 0.82578125 0.1078125 0.18125
4 0.3546875 0.615625 0.08671875 0.20078125
4 0.69453125 0.42578125 0.0703125 0.11953125
4 0.546875 0.39609375 0.0828125 0.1078125
4 0.40703125 0.3890625 0.07109375 0.09375
4 0.95234375 0.9265625 0.0921875 0.146875
4 0.9046875 0.44921875 0.09296875 0.10078125
4 0.59296875 0.7359375 0.1484375 0.17421875
4 0.6109375 0.51640625 0.06796875 0.121875
4 0.353125 0.87421875 0.09765625 0.17109375
4 0.54453125 0.89140625 0.09296875 0.12890625
4 0.96875 0.53671875 0.06171875 0.10390625
4 0.01953125 0.54296875 0.0390625 0.115625