4 0.5440077297107558 0.4328125 0.2066784683433749 0.1140625
4 0.9242578859586963 0.13203125 0.1507205689919978 0.2203125
4 0.7594532719173925 0.2640625 0.14247960064862325 0.10625
4 0.5322049793037188 0.25859375 0.17074096834337488 0.1140625
4 0.9325854399397511 0.684375 0.11251936525912001 0.090625
4 0.8118853819048019 0.79609375 0.18313187418757337 0.1078125
4 0.6094339066582728 0.3546875 0.20152731818121908 0.0875
4 0.4136581619365739 0.69453125 0.11997730925276535 0.0703125
4 0.386548011367381 0.546875 0.10925799756436802 0.0828125
4 0.38195774310343644 0.40703125 0.09500458279171564 0.071875
4 0.9099392780097677 0.95234375 0.14848413879807013 0.0921875
4 0.43342737094775313 0.9046875 0.10163641233702041 0.09375
4 0.7255871919683459 0.59296875 0.17759098620028232 0.1484375
4 0.5057422962704171 0.6109375 0.12307503571381488 0.06875
4 0.8680549301972231 0.353125 0.17356595941492117 0.096875
4 0.8819014216758067 0.54453125 0.12976141233702024 0.09375
4 0.5198091558507892 0.96875 0.10421594155801354 0.0625
4 0.5426278307631207 0.01953125 0.11630683847375849 0.0390625