4 0.5251453176205738 0.5993123573701628 0.21000004631872765 0.12598418927901225
4 0.8861362057526962 0.9037506864364147 0.15713621960192584 0.1924986271271706
4 0.729785660053141 0.7804390729575342 0.14557367328319834 0.11444047355046649
4 0.5021871989282707 0.7726665573842801 0.17406254631872747 0.12389106826055958
4 0.9298307793646169 0.37063768068063274 0.11515842721213972 0.09708637357870131
4 0.8162841637726856 0.2520025307935722 0.18627144789030403 0.11836911035393446
4 0.5855690872652809 0.6811685730987086 0.204075377997928 0.09914867349399667
4 0.4115538143108049 0.33026768380557886 0.1220248573197635 0.07722889988706054
4 0.37498911393930134 0.4761948338338137 0.1116695541766104 0.08909186305535766
4 0.3614445366033271 0.6156290601562904 0.09709763192686935 0.07733531570031094
4 0.9243428744832712 0.10162237017140649 0.1511687018192454 0.1007419945971538
4 0.4447794989665427 0.1214765127306566 0.10436647642635144 0.09957433674699834
4 0.7169797148489241 0.4498947282474409 0.18191358767505647 0.15863008930724706
4 0.49828537283064145 0.4191397389825461 0.12507708271265763 0.0758484104104042
4 0.8440900626581751 0.6977924439053995 0.17638702564056316 0.10688557878390341
4 0.8701924520286426 0.5073872517837898 0.13249147642635145 0.10121243145709151
4 0.5352632578578829 0.06251030738428016 0.10603598428423418 0.06850634727034204
4 0.49730268404107447 0.9945973168745545 0.1174443651776464 0.010805366250890814