7 0.5462776089769026 0.5195201454235064 0.16723896567298446 0.23957425911805572
7 0.2457918813076969 0.16830901643315951 0.11872438296032675 0.16976959897381955
7 0.23891887324492628 0.5336976270904858 0.17221756410140793 0.24593336189159737
7 0.11150246443463938 0.253376960296736 0.11516273531769161 0.16032186379145844
7 0.6940217119534401 0.27961923119520776 0.14478176881613755 0.22656511284152786
7 0.8405499555432993 0.3004012438286451 0.19547528163641914 0.2761300081681252
7 0.8444795527333776 0.7857204947785756 0.24148129445670072 0.3255858007211806
7 0.216238928664391 0.9033561636596179 0.17250435442427942 0.18506859707395834
7 0.8343663837888963 0.11480923594486041 0.1690540227450789 0.21152199430041682
7 0.6808538161728317 0.49531696637756883 0.14888707195929066 0.2141742156150695
7 0.025763056348223533 0.036328125 0.051526112696447066 0.07265625
7 0.05930210959607517 0.28502765701010413 0.04597177956950458 0.08223192496187508
7 0.02661917710969584 0.25699422919843745 0.05323835421939168 0.0856842332825
7 0.7195416728734227 0.6700071886421521 0.15728176881613756 0.22685605357097227
7 0.14734337945017928 0.9080813376715623 0.07660965756743261 0.17035017401194458
7 0.1903060146823084 0.15321199971565957 0.04215757485477489 0.10087282218833335
7 0.2090837857747576 0.28622386825677065 0.10825776385373889 0.14611389342673622
7 0.9517184720876344 0.6614816013518394 0.039182432174538206 0.17103985182361114
7 0.8296679977281978 0.5675523762374646 0.1520463052100677 0.18147081838861112