7 0.6056058638609231 0.6701195189359395 0.17182184757972224 0.23842721662612104
7 0.22865170171816523 0.21748644008793314 0.17494684757972223 0.23844539734428025
7 0.9216591946514182 0.3845667965542819 0.15668161069716363 0.2305965359079618
7 0.8295855964480685 0.6344309620489348 0.17470118611433313 0.23375789734428026
7 0.29026638964152063 0.4984637293155446 0.1885932677515388 0.26039312021691713
7 0.378720216529028 0.8293001179774221 0.17339099163225705 0.20875789734428024
7 0.1509759175698247 0.5993045875304093 0.18473128335537106 0.24631243949875792
7 0.6199793865893028 0.1987985099589491 0.20142081637205783 0.2667158430895541
7 0.7675138851189649 0.3745565131804029 0.1913907191310198 0.2541613009350764
7 0.7084100435321364 0.08295891613292597 0.17438692559888339 0.16591783226585194
7 0.8398458242855156 0.9047661879466338 0.1322813127540133 0.16946813836728972