7 0.4597009135581317 0.40986981813787693 0.23866485389503395 0.16586371642535305
7 0.8127581351512128 0.712445742511264 0.16912392126547432 0.11774986859279987
7 0.44731041315438985 0.7171875696207517 0.244996674511885 0.17080588441013073
7 0.7284495446488594 0.8462570098114697 0.15813187418757338 0.11417919961943923
7 0.6988060982162864 0.26350551821442664 0.2257830243497292 0.14347938045579803
7 0.6771646976470935 0.11683610665543971 0.2750660040571898 0.1938905573378241
7 0.19169084780924933 0.11492466304186169 0.32270466314779933 0.22984932608372338
7 0.08487028328147826 0.7377135642207253 0.16974056656295652 0.1714478715585493
7 0.8628430990270655 0.12410348410830711 0.2105944009729349 0.16784271049385407
7 0.4831265511383857 0.27541656368925266 0.21336484496658023 0.14765754448624283
7 0.946276198464463 0.9349680468461576 0.07277502678536152 0.0544911818249421
7 0.6970944046329732 0.8982797662372602 0.08198638555165924 0.04549818380210837
7 0.725346089698165 0.934601926807664 0.08535684740221221 0.05968801779449713
7 0.30816350730689596 0.23570410076112172 0.22600121266133194 0.155979380455798
7 0.07917366234031568 0.8065908982131141 0.15834732468063137 0.07718853558899426
7 0.8281825377490005 0.768027239051223 0.10065456493480837 0.04157468775644109
7 0.6950251643722059 0.7484707672258435 0.14552278003177205 0.10741986364988403
7 0.3153386278410214 0.011320184030663627 0.17085797077900686 7.022640368061327253
7 0.4100044711860439 0.12616066300468065 0.1806341655834313 0.15100803756616066