7 0.57109375 0.4671875 0.15625 0.2359375
7 0.25390625 0.82578125 0.1109375 0.1671875
7 0.2640625 0.46015625 0.1609375 0.2421875
7 0.1234375 0.74375 0.10703125 0.15703125
7 0.7078125 0.70390625 0.13515625 0.2234375
7 0.85546875 0.6796875 0.1828125 0.271875
7 0.88203125 0.19375 0.2265625 0.31953125
7 0.25859375 0.090625 0.1640625 0.18125
7 0.840625 0.865625 0.159375 0.2078125
7 0.7046875 0.48828125 0.1390625 0.2109375
7 0.02578125 0.96328125 0.0515625 0.071875
7 0.07265625 0.71328125 0.0421875 0.08125
7 0.03515625 0.7421875 0.05625 0.08359375
7 0.7515625 0.3125 0.14765625 0.2234375
7 0.18984375 0.0875 0.06953125 0.16875
7 0.19765625 0.8421875 0.0375 0.1
7 0.22265625 0.70859375 0.10078125 0.14375
7 0.98359375 0.315625 0.03125 0.1703125
7 0.85703125 0.4125 0.14296875 0.178125