7 0.8850507197246792 0.9428307468242856 0.22989856055064167 0.11433850635142875
7 0.2787555400620426 0.4681729743340185 0.28964539735836253 0.19608972729976806
7 0.398901671347863 0.12323450053147263 0.31811584269572596 0.2269232332312671
7 0.2632872707669954 0.7494402203796858 0.3116113040260897 0.20479356524648953
7 0.20283267079085793 0.9153212524714579 0.33948176535645347 0.16935749505708414
7 0.8898272106938169 0.5189753538384144 0.2203455786123662 0.17479304745199223
7 0.7856931466820447 0.1452420820895845 0.3557612933640895 0.24095124113993246
7 0.6980857007081346 0.333768729808407 0.2769272213558171 0.17683039133021286
7 0.6147384933959061 0.4857676285158127 0.30824994668999894 0.18435373125410076
7 0.5301020534293137 0.7282960267289268 0.2644817653564534 0.18100855536065782
7 0.4612536981221762 0.9066850346004112 0.2476397106938169 0.18662993079917775
7 0.6688576601288576 0.961263093896811 0.3260908800127266 0.07747381220637806
7 0.6611360667965849 0.983516720416867 0.0016897693348180808 0.0110011669961942
7 0.14773061736154414 0.21373353064607842 0.29313402402927136 0.22746706129215682
7 0.10822595874440552 0.5767946047526354 0.20528857869190792 0.19421420950527093
7 0.0762930640515431 0.382616181824942 0.14611357336090783 0.20898236364988404