7 0.09503193593274928 0.9274551672433402 0.19006387186549856 0.1450896655133196
7 0.6999434609609841 0.48663640323039203 0.2982386208772782 0.19608972729976806
7 0.5961098895754784 0.13157487703293794 0.32809272084904323 0.2269232332312671
7 0.7022670112292154 0.7694316571847247 0.32056864718563743 0.20479356524648934
7 0.7545289192911324 0.927863650721753 0.3474195735222315 0.14427269855649386
7 0.10085132650600333 0.4873965237259962 0.20170265301200666 0.1747930474519924
7 0.20902711852879094 0.12206729547482605 0.3663207629424181 0.24095124113993246
7 0.2876772213431535 0.31791564775600356 0.28464655773721603 0.17683039133021294
7 0.3637784478068046 0.4768542490485979 0.3162605787839034 0.1843537312541006
7 0.4369451190934884 0.7265133508354837 0.2724195735222317 0.18100855536065766
7 0.49679971927701494 0.9086905449805345 0.25696117349399666 0.18261891003893105
7 0.2869018035343517 0.9548327272811775 0.3304603157003109 0.09033454543764492
7 0.2942592772259925 0.9712926571475435 0.0021995368317028864 0.0110011669961942
7 0.8425838001976441 0.24263834691833214 0.303183726110715 0.22746706129215682
7 0.8650840715972674 0.609264772811775 0.21395462613894978 0.19421420950527093
7 0.9060107214137407 0.4175056957394685 0.15558068401734032 0.20898236364988404