7 0.07265625 0.87734375 0.1453125 0.234375
7 0.54296875 0.2734375 0.184375 0.28671875
7 0.89296875 0.39765625 0.2140625 0.31640625
7 0.2609375 0.2546875 0.19140625 0.30859375
7 0.08515625 0.1921875 0.1703125 0.3375
7 0.5171875 0.8875 0.165625 0.225
7 0.88671875 0.784375 0.2265625 0.35234375
7 0.69453125 0.69453125 0.16640625 0.275
7 0.5390625 0.609375 0.17265625 0.30703125
7 0.29296875 0.521875 0.1703125 0.26171875
7 0.1 0.45078125 0.2 0.2453125
7 0.05078125 0.6578125 0.09375 0.32578125
7 0.04296875 0.65 0.0109375 0.0015625
7 0.7921875 0.1453125 0.21484375 0.290625
7 0.42734375 0.1015625 0.1859375 0.203125
7 0.6203125 0.071875 0.203125 0.14375