7 0.6734375 0.5859869317988201 0.2375 0.16490287385944455
7 0.21875 0.22227896276527798 0.2375 0.16802787385944465
7 0.38984375 0.916104963999549 0.2296875 0.16315853590354196
7 0.6390625 0.8109680947928478 0.2328125 0.16791877108590292
7 0.5 0.2757001291777782 0.259375 0.18103702013597242
7 0.83125 0.3545038085080562 0.2078125 0.16733688962701407
7 0.6 0.13349640501333382 0.2453125 0.17758471181534743
7 0.20234375 0.6140846030578822 0.265625 0.19524499050069472
7 0.37890625 0.756475390861285 0.253125 0.18401654977125012
7 0.0859375 0.7059064675149307 0.1671875 0.16951633225631965
7 0.909375 0.8133534380670842 0.16875 0.12736519984750033