7 0.40220693279371095 0.41640625 0.2390411910658786 0.234375
7 0.6336324071531478 0.31953125 0.21018844499482014 0.21875
7 0.6792489298982268 0.52734375 0.21622012117350237 0.2140625
7 0.5328555810555187 0.671875 0.23678948635114877 0.253125
7 0.26397907092583345 0.115625 0.2701456418516669 0.23125
7 0.17539187572161644 0.44453125 0.27799668320799575 0.265625
7 0.32497892265951656 0.8046875 0.18235023531769165 0.1578125
7 0.4744609999954908 0.94453125 0.23016699710451594 0.1109375
7 0.7004969611203613 0.95 0.2280950748547749 0.1
7 0.5831657185684685 0.125 0.23351893713693705 0.25
7 0.2623054865560367 0.65 0.19303517824559702 0.1859375
7 0.28418060235285564 0.93515625 0.1966652923897862 0.1296875
7 0.849013582088976 0.7671875 0.207572867244561 0.2296875