7 0.3828125 0.41640625 0.22890625 0.234375
7 0.61875 0.31953125 0.19921875 0.21875
7 0.6546875 0.52734375 0.20546875 0.2140625
7 0.5015625 0.671875 0.225 0.253125
7 0.25859375 0.115625 0.26015625 0.23125
7 0.1546875 0.44453125 0.26640625 0.26640625
7 0.2875 0.8046875 0.175 0.1578125
7 0.43046875 0.94453125 0.225 0.1109375
7 0.65625 0.95 0.2234375 0.09921875
7 0.57734375 0.125 0.22265625 0.24921875
7 0.23203125 0.65 0.18359375 0.1859375
7 0.240625 0.93515625 0.190625 0.1296875
7 0.81328125 0.7671875 0.196875 0.2296875