7 0.3226166546161397 0.6563853584715547 0.3116071996293311 0.4305131802583094
7 0.5599008558899333 0.478321509104693 0.2919841803920374 0.4049676109788372
7 0.7831820992665113 0.4356495904583591 0.25646334264308945 0.37115490063313833
7 0.24078128974053176 0.3020184557268455 0.29256453375008196 0.3768880750854599
7 0.7571727370076101 0.8853939027114558 0.24768356496827532 0.22921219457708836
7 0.9483507257217149 0.6906051780802314 0.10329854855657032 0.4002848079967011
7 0.8981597693221117 0.8612296343358021 0.20368046135577664 0.27754073132839563
7 0.93984375 0.1734404101335427 0.1203125 0.2956882362099465
7 0.34817709437236993 0.09207881756361253 0.28072918874473984 0.17206418276559188
7 0.10154763103285877 0.09192673871722891 0.20309526206571754 0.18385347743445782
7 0.12324662639317138 0.7356540066639176 0.20673616115474366 0.37751254922121247
7 0.4583061618725338 0.8320338793212372 0.24857643157316361 0.3240980442066473