7 0.1854663402808367 0.5146755744011166 0.3017212789407585 0.37764912369900416
7 0.5908706028947084 0.4691661640673811 0.3377133426430895 0.3810950282669884
7 0.3626489214911807 0.814548342379798 0.32266869600113396 0.3522330438708206
7 0.12387659817020302 0.8129736335370851 0.2033383426430894 0.3740527329258299
7 0.6532193577888499 0.7977548315256641 0.2743403234057958 0.35281954206179833
7 0.8842411130615094 0.7378188302824688 0.2315177738769812 0.3429532191310198
7 0.6942411064380875 0.2242487324756038 0.25778774046617114 0.3254381705105008
7 0.07993306977759865 0.24939913444159628 0.1518651226801563 0.3292448439616777
7 0.2731572801218849 0.2690145143606368 0.25033733901489236 0.29073562188998175
7 0.903246540288686 0.27705174864526294 0.193506919422628 0.28704405585660825
7 0.9562574676006804 0.4955660532586757 0.0874850647986392 0.289697665083434