7 0.4875851249421995 0.5302628295486 0.21542136137453216 0.17860010714144484
7 0.5367209085247132 0.34877132183796233 0.20432008706427265 0.17528419236879245
7 0.7110403143358929 0.6311456708650276 0.16723616689245624 0.1527819009729347
7 0.6422007038658718 0.48142808888409083 0.18112824852966192 0.1795625892845374
7 0.4645924395052351 0.7480503474055075 0.19676653663473137 0.1205148717519414
7 0.35096595149102267 0.638994721593081 0.21394739258219672 0.15047510714144502
7 0.3324118668015991 0.31480324513203134 0.2073631999091429 0.1737762394466932
7 0.30910159882291766 0.48176860268051325 0.19223616689245615 0.15321827759614023
7 0.45172070952008136 0.20402761201600414 0.19577724672063965 0.13142509821299111
7 0.6213172365438744 0.2769178668872681 0.1884560696514182 0.1406637305182395
7 0.783566010288307 0.4781785836090851 0.1620573439616777 0.14332508035608366