7 0.3263899699225753 0.6581324808475243 0.31406508897248575 0.43224210344286257
7 0.5625954308735398 0.4814881684111379 0.2942964170333756 0.4065873390148923
7 0.7855899204934166 0.440126591546781 0.2585844101132933 0.37257443756361364
7 0.24250181228074 0.3033606460938012 0.2947129111018764 0.3785169027172232
7 0.7622796848650536 0.8871614991777687 0.24912188539871388 0.22567700164446264
7 0.9497048406839157 0.6960740351008443 0.10059031863216852 0.4009672776748143
7 0.9001989071475437 0.8634772344757213 0.19960218570491256 0.27304553104855744
7 0.93984375 0.17891381695200978 0.1203125 0.29638890507947585
7 0.34865501730020554 0.09408982821511915 0.2816850346004111 0.17366571161023064
7 0.1020665187830803 0.09250001324684391 0.2041330375661606 0.18500002649368782
7 0.12751607121516959 0.7362227313956785 0.21046524509426517 0.37869546279135696
7 0.46308083950395834 0.8345362681409852 0.25042440022746143 0.32548118275429017