7 0.49072631264595207 0.5275891781929163 0.21644258930724708 0.1798005220358334
7 0.5388089549228534 0.3457566435236454 0.2053230787839034 0.17642094889756965
7 0.7147924151779659 0.6272033992232287 0.16811150512049747 0.1537094943004167
7 0.6450729074266325 0.4778404852792703 0.18215859456891897 0.1805629350298613
7 0.46900104401833903 0.7455767651988886 0.19745039462538863 0.12162434612402784
7 0.3547271704396377 0.637148628990347 0.2148044945971538 0.1516755220358334
7 0.33428107864272905 0.3129662465815275 0.20835707352223148 0.1749311840799308
7 0.311941889010781 0.4801180322007289 0.19311150512049746 0.15429137575930554
7 0.45295621295653554 0.20146308928708295 0.19652493145709168 0.13252547853284735
7 0.6229949681476203 0.2733893746219439 0.18925846302712265 0.14171864057694455
7 0.7864336547957965 0.47376796827742995 0.1628779735504665 0.14422539152687505