7 0.40463542684207887 0.42308826704283325 0.24197057326946272 0.2383842102256999
7 0.6354959232240343 0.33033157142433467 0.21146420171816532 0.2222410129856435
7 0.6823244148562913 0.5387713628201924 0.21746854025277607 0.217662607141445
7 0.5367739767057933 0.6806298060030592 0.2382657191310198 0.25705238960884885
7 0.26465339947960165 0.12013877069628127 0.2714942989592033 0.23577740746575646
7 0.17798439563441443 0.44723133035608365 0.2796277035271876 0.2718240016215578
7 0.3296718848918222 0.8097058311668626 0.18327060266810485 0.16086713636243816
7 0.47996953527593506 0.947306332588197 0.23081398801421232 0.10538733482360599
7 0.7060373903188891 0.9547524141620969 0.22867827792830403 0.09049517167580631
7 0.5838947224103801 0.13507757264215062 0.23653944482076028 0.25390011606989865
7 0.2660963065339768 0.6540501205341255 0.19411957146044045 0.18915577759614005
7 0.2896344623451565 0.9364244695611909 0.19742163387576941 0.12715106087761824
7 0.8534878431687082 0.7813833770236519 0.20891241180407363 0.23312396590774292