7 0.4620257037394688 0.8078369176854256 0.3675456047058129 0.30806031999010275
7 0.4933355738665572 0.40031766678091457 0.3697353961016708 0.3440797071452321
7 0.16350952638161942 0.6576033808235516 0.32701905276323884 0.32854323835289667
7 0.17496740341186195 0.8951476464273839 0.3499348068237239 0.20970470714523232
7 0.1673970955771359 0.3668964936684219 0.3347941911542718 0.2802695126631562
7 0.2141970933450225 0.1252113619403591 0.33410581330995504 0.2504227238807182
7 0.7343481319015066 0.2760701820460625 0.3168092191541536 0.26325243102595036
7 0.7306608810940229 0.8897641898479787 0.3243568920444808 0.1590562539567287
7 0.7043280263849147 0.6991325457954438 0.28232512499835244 0.2552009136130959
7 0.6740357435071782 0.08591540931768268 0.2800535129856435 0.17183081863536537
7 0.453801109984114 0.04259253448702481 0.28614778003177205 0.08518506897404962