5 0.2203125 0.09609375 0.221875 0.1921875
5 0.21328125 0.32421875 0.21171875 0.2515625
5 0.20703125 0.59375 0.22890625 0.25390625
5 0.203125 0.8578125 0.24453125 0.24609375
5 0.40859375 0.91796875 0.21796875 0.16328125
5 0.40859375 0.71484375 0.21171875 0.2265625
5 0.4046875 0.47578125 0.2078125 0.24375
5 0.40390625 0.22734375 0.2015625 0.24140625
5 0.58671875 0.10625 0.18203125 0.2125
5 0.5953125 0.32578125 0.19609375 0.221875
5 0.5984375 0.575 0.19921875 0.2640625
5 0.59453125 0.834375 0.19375 0.2328125
5 0.77734375 0.2140625 0.2125 0.22109375
5 0.78359375 0.45625 0.2171875 0.2453125
5 0.784375 0.71484375 0.19765625 0.2421875
5 0.79140625 0.915625 0.2203125 0.16875