0 0.4390625 0.65546875 0.22109375 0.29296875
0 0.1859375 0.64453125 0.22578125 0.278125
0 0.32890625 0.42109375 0.2234375 0.309375
0 0.1125 0.38125 0.21796875 0.2859375
0 0.29296875 0.84609375 0.23203125 0.30703125
0 0.09765625 0.86484375 0.1953125 0.2703125
0 0.05 0.63984375 0.1 0.3078125
0 0.0546875 0.1515625 0.10703125 0.29609375
0 0.24296875 0.140625 0.253125 0.28125
0 0.421875 0.17109375 0.2171875 0.2859375
0 0.553125 0.42109375 0.22578125 0.30234375
0 0.65 0.67109375 0.21328125 0.27109375
0 0.51796875 0.8828125 0.21484375 0.234375
0 0.73671875 0.87734375 0.2296875 0.2453125
0 0.9109375 0.67578125 0.178125 0.315625
0 0.784375 0.471875 0.234375 0.29921875
0 0.6625 0.18046875 0.21796875 0.27421875
0 0.88046875 0.20703125 0.228125 0.2578125
0 0.5359375 0.04375 0.20546875 0.0875
0 0.7875 0.25078125 0.0046875 0.00859375
0 0.95703125 0.4171875 0.0859375 0.27578125
0 0.9203125 0.90546875 0.159375 0.1890625
0 0.74609375 0.0515625 0.18515625 0.10234375