0 0.490625 0.775 0.31640625 0.2140625
0 0.096875 0.8703125 0.1890625 0.19296875
0 0.1609375 0.70546875 0.2015625 0.15390625
0 0.35234375 0.66328125 0.21328125 0.178125
0 0.2296875 0.55859375 0.23359375 0.140625
0 0.17890625 0.4046875 0.24609375 0.1609375
0 0.609375 0.2703125 0.2234375 0.15546875
0 0.59765625 0.415625 0.2234375 0.15546875
0 0.38046875 0.4546875 0.27421875 0.1984375
0 0.5453125 0.59375 0.2515625 0.17421875
0 0.728125 0.71328125 0.26015625 0.17734375
0 0.83828125 0.23125 0.25390625 0.196875
0 0.609375 0.12734375 0.21953125 0.1421875
0 0.80703125 0.55 0.26796875 0.1984375
0 0.94765625 0.89453125 0.1046875 0.2109375
0 0.4875 0.93828125 0.2703125 0.1234375
0 0.28125 0.97265625 0.24765625 0.0546875
0 0.2921875 0.865625 0.19375 0.17421875
0 0.06015625 0.6046875 0.1171875 0.159375
0 0.77578125 0.084375 0.21328125 0.1484375
0 0.36171875 0.2828125 0.1671875 0.1078125
0 0.43046875 0.32578125 0.18359375 0.11953125
0 0.07890625 0.28515625 0.153125 0.13515625
0 0.05234375 0.4375 0.10078125 0.1609375
0 0.24453125 0.06640625 0.159375 0.10390625
0 0.44140625 0.059375 0.18515625 0.11484375
0 0.18203125 0.24609375 0.1671875 0.11796875
0 0.6296875 0.03203125 0.159375 0.0640625
0 0.93359375 0.05546875 0.1328125 0.1109375
0 0.925 0.6734375 0.15 0.18671875
0 0.69375 0.8921875 0.21171875 0.1796875
0 0.10703125 0.14140625 0.1609375 0.10625
0 0.3046875 0.1625 0.19296875 0.1453125
0 0.10234375 0.05703125 0.12734375 0.07890625
0 0.79296875 0.37578125 0.19609375 0.146875