0 0.4875 0.940625 0.1484375 0.1171875
0 0.16875 0.8203125 0.11328125 0.09140625
0 0.10625 0.80390625 0.10859375 0.0828125
0 0.0359375 0.87890625 0.06953125 0.07578125
0 0.3015625 0.9515625 0.13046875 0.096875
0 0.40546875 0.7984375 0.1125 0.0953125
0 0.5078125 0.75859375 0.1140625 0.09453125
0 0.93515625 0.7234375 0.1296875 0.10625
0 0.26796875 0.76640625 0.103125 0.078125
0 0.16875 0.7203125 0.1 0.07578125
0 0.26796875 0.70234375 0.103125 0.0671875
0 0.44921875 0.6359375 0.08671875 0.059375
0 0.53125 0.6578125 0.10078125 0.0703125
0 0.640625 0.775 0.1203125 0.08984375
0 0.71484375 0.5296875 0.10234375 0.07578125
0 0.85390625 0.525 0.10703125 0.06875
0 0.07890625 0.89140625 0.11640625 0.08671875
0 0.59453125 0.8703125 0.13046875 0.11796875
0 0.9140625 0.88125 0.1453125 0.109375
0 0.790625 0.909375 0.140625 0.1046875
0 0.6375 0.68984375 0.10078125 0.0703125
0 0.8140625 0.7015625 0.10703125 0.0765625
0 0.5171875 0.58359375 0.0890625 0.06640625
0 0.28046875 0.8515625 0.1171875 0.08984375
0 0.18203125 0.9203125 0.12890625 0.103125
0 0.66484375 0.63125 0.08359375 0.06640625
0 0.5296875 0.52734375 0.09296875 0.065625
0 0.6125 0.503125 0.08359375 0.05625
0 0.6796875 0.4625 0.0765625 0.05703125
0 0.44609375 0.5703125 0.0953125 0.06640625
0 0.3109375 0.634375 0.103125 0.07734375
0 0.371875 0.66875 0.09375 0.078125
0 0.7546875 0.4609375 0.1 0.065625
0 0.8921875 0.47421875 0.09921875 0.06875
0 0.8328125 0.43046875 0.0953125 0.0671875
0 0.94453125 0.3171875 0.1 0.065625
0 0.8921875 0.37109375 0.0921875 0.04921875
0 0.91171875 0.4140625 0.09296875 0.06328125
0 0.96640625 0.446875 0.06640625 0.065625
0 0.97421875 0.5453125 0.0515625 0.0765625
0 0.9 0.5859375 0.1203125 0.08125
0 0.965625 0.63515625 0.06875 0.0921875
0 0.7421875 0.6375 0.10859375 0.075
0 0.68359375 0.953125 0.14921875 0.09296875
0 0.82109375 0.7890625 0.13046875 0.0890625
0 0.74765625 0.8109375 0.09765625 0.09375
0 0.45859375 0.69765625 0.0921875 0.065625
0 0.6234375 0.55703125 0.0875 0.07421875
0 0.578125 0.603125 0.078125 0.05859375
0 0.7859375 0.38125 0.090625 0.0640625
0 0.9703125 0.38203125 0.059375 0.0703125
0 0.95546875 0.8125 0.08828125 0.08828125