3 0.7890625 0.3 0.0515625 0.109375
3 0.62421875 0.30234375 0.0515625 0.0953125
3 0.03984375 0.3125 0.0625 0.0953125
3 0.734375 0.3125 0.0625 0.1046875
3 0.6921875 0.3265625 0.0359375 0.0828125
3 0.91015625 0.0359375 0.0703125 0.071875
3 0.73828125 0.3765625 0.0703125 0.0578125
3 0.02265625 0.4 0.0453125 0.0703125
3 0.71953125 0.4078125 0.071875 0.05
3 0.02734375 0.0453125 0.0546875 0.090625
3 0.078125 0.05859375 0.05 0.0921875
3 0.8875 0.62109375 0.06875 0.0921875
3 0.875 0.69375 0.0609375 0.1078125
3 0.68671875 0.70859375 0.0671875 0.1171875
3 0.90546875 0.73515625 0.0546875 0.1
3 0.815625 0.74375 0.0421875 0.1125
3 0.73359375 0.7578125 0.0703125 0.1109375
3 0.68671875 0.78515625 0.0390625 0.065625
3 0.778125 0.7984375 0.0671875 0.1171875
3 0.70390625 0.83359375 0.0546875 0.0875
3 0.02578125 0.1078125 0.0515625 0.0703125
3 0.059375 0.1296875 0.0421875 0.0796875
3 0.63984375 0.16640625 0.0703125 0.1125
3 0.5359375 0.1671875 0.0484375 0.1
3 0.74140625 0.20859375 0.0671875 0.1125
3 0.68671875 0.21640625 0.0578125 0.1078125
3 0.6203125 0.225 0.0734375 0.0859375
3 0.04921875 0.2359375 0.0515625 0.0671875