3 0.278125 0.23125 0.0671875 0.0890625
3 0.23984375 0.2453125 0.034375 0.0515625
3 0.49140625 0.25546875 0.053125 0.0765625
3 0.2046875 0.27421875 0.0765625 0.0875
3 0.13671875 0.284375 0.0640625 0.09375
3 0.3890625 0.31015625 0.0453125 0.0828125
3 0.3390625 0.3140625 0.071875 0.109375
3 0.27421875 0.315625 0.071875 0.1078125
3 0.2078125 0.34296875 0.0640625 0.06875
3 0.16640625 0.34765625 0.0328125 0.0609375
3 0.5875 0.36875 0.071875 0.09375
3 0.64453125 0.3703125 0.06875 0.0953125
3 0.2609375 0.378125 0.06875 0.0890625
3 0.42734375 0.3796875 0.071875 0.084375
3 0.33515625 0.3890625 0.0765625 0.071875
3 0.2046875 0.40234375 0.046875 0.053125
3 0.22265625 0.04296875 0.0734375 0.0859375
3 0.46171875 0.421875 0.0703125 0.103125
3 0.51796875 0.4296875 0.0578125 0.0921875
3 0.346875 0.471875 0.0609375 0.0875
3 0.303125 0.47578125 0.053125 0.0984375
3 0.4109375 0.484375 0.0828125 0.1109375
3 0.4875 0.5125 0.075 0.0859375
3 0.7015625 0.52890625 0.0734375 0.115625
3 0.35703125 0.5453125 0.0609375 0.06875
3 0.56640625 0.54921875 0.0875 0.115625
3 0.4203125 0.55546875 0.0796875 0.0703125
3 0.63828125 0.55859375 0.0765625 0.1140625
3 0.49609375 0.5875 0.078125 0.121875
3 0.8203125 0.596875 0.090625 0.1046875
3 0.94765625 0.6078125 0.075 0.11875
3 0.89609375 0.64296875 0.078125 0.11875
3 0.5421875 0.65078125 0.075 0.0984375
3 0.615625 0.65546875 0.078125 0.0984375
3 0.7765625 0.6625 0.0765625 0.09375
3 0.7296875 0.66640625 0.0578125 0.10625
3 0.4890625 0.6703125 0.0625 0.0828125
3 0.05546875 0.0703125 0.059375 0.1
3 0.56640625 0.7140625 0.0609375 0.046875
3 0.74921875 0.753125 0.065625 0.0578125
3 0.82109375 0.75703125 0.0890625 0.109375
3 0.596875 0.77109375 0.0734375 0.0984375
3 0.97109375 0.78125 0.0578125 0.096875
3 0.66015625 0.78359375 0.0796875 0.1140625
3 0.90390625 0.79140625 0.0890625 0.115625
3 0.38046875 0.0796875 0.0625 0.0671875
3 0.70703125 0.80546875 0.053125 0.0875
3 0.7734375 0.8125 0.0734375 0.109375
3 0.8421875 0.8640625 0.0828125 0.1203125
3 0.9765625 0.8640625 0.046875 0.0796875
3 0.74921875 0.88359375 0.078125 0.1
3 0.92109375 0.8859375 0.075 0.0921875
3 0.82109375 0.91015625 0.078125 0.078125
3 0.88828125 0.93125 0.0640625 0.053125
3 0.1828125 0.096875 0.06875 0.1
3 0.915625 0.9734375 0.0453125 0.053125
3 0.1109375 0.128125 0.075 0.1
3 0.36953125 0.14453125 0.0859375 0.0984375
3 0.090625 0.18671875 0.075 0.0765625
3 0.4453125 0.20078125 0.0578125 0.0640625
3 0.0359375 0.2078125 0.059375 0.0828125