3 0.27890625 0.23359375 0.06875 0.0796875
3 0.20390625 0.271875 0.06875 0.0828125
3 0.1359375 0.28203125 0.06875 0.0890625
3 0.3875 0.30546875 0.0484375 0.0828125
3 0.34140625 0.3125 0.0671875 0.1
3 0.27109375 0.31875 0.071875 0.1046875
3 0.20234375 0.34140625 0.059375 0.06875
3 0.6421875 0.3578125 0.0625 0.0703125
3 0.5875 0.36875 0.071875 0.0984375
3 0.42265625 0.37890625 0.0625 0.0828125
3 0.334375 0.38359375 0.0640625 0.0734375
3 0.26015625 0.384375 0.0734375 0.0765625
3 0.20546875 0.396875 0.0515625 0.0609375
3 0.22421875 0.04140625 0.071875 0.0828125
3 0.46171875 0.41796875 0.0703125 0.103125
3 0.51796875 0.42421875 0.0578125 0.09375
3 0.34609375 0.4703125 0.059375 0.0921875
3 0.30078125 0.4734375 0.059375 0.09375
3 0.40703125 0.4765625 0.0796875 0.1
3 0.48203125 0.5109375 0.0734375 0.084375
3 0.69765625 0.5265625 0.071875 0.1078125
3 0.36171875 0.54296875 0.05625 0.0640625
3 0.565625 0.54765625 0.078125 0.109375
3 0.41953125 0.55234375 0.06875 0.0640625
3 0.634375 0.5625 0.0828125 0.1078125
3 0.50546875 0.5765625 0.065625 0.1046875
3 0.8234375 0.5953125 0.0859375 0.103125
3 0.46640625 0.59921875 0.034375 0.06875
3 0.94765625 0.60703125 0.078125 0.10625
3 0.05234375 0.06328125 0.0625 0.0875
3 0.8921875 0.6453125 0.075 0.1
3 0.540625 0.64765625 0.075 0.1046875
3 0.6109375 0.653125 0.075 0.09375
3 0.7796875 0.65859375 0.0734375 0.090625
3 0.7296875 0.6640625 0.053125 0.1109375
3 0.484375 0.66875 0.0515625 0.0796875
3 0.56328125 0.71796875 0.0671875 0.053125
3 0.8203125 0.75234375 0.0875 0.11875
3 0.75 0.75703125 0.0671875 0.059375
3 0.59765625 0.77109375 0.075 0.09375
3 0.97109375 0.78125 0.0546875 0.0921875
3 0.6625 0.7859375 0.0828125 0.11875
3 0.9078125 0.79140625 0.078125 0.125
3 0.3875 0.08125 0.0484375 0.0640625
3 0.72109375 0.803125 0.0484375 0.0921875
3 0.77421875 0.8125 0.071875 0.109375
3 0.84140625 0.86328125 0.0828125 0.1046875
3 0.97421875 0.871875 0.0453125 0.0609375
3 0.91640625 0.8796875 0.0765625 0.0890625
3 0.74765625 0.8890625 0.075 0.09375
3 0.81640625 0.9140625 0.0796875 0.06875
3 0.88203125 0.93359375 0.0640625 0.0625
3 0.9140625 0.971875 0.0421875 0.05625
3 0.18359375 0.09921875 0.0640625 0.0953125
3 0.1125 0.12578125 0.071875 0.0953125
3 0.36953125 0.146875 0.065625 0.0890625
3 0.08828125 0.18359375 0.0734375 0.06875
3 0.44609375 0.2046875 0.059375 0.0625
3 0.03203125 0.20859375 0.053125 0.0671875