3 0.65390625 0.38359375 0.1671875 0.29375
3 0.2125 0.38359375 0.1703125 0.2859375
3 0.5046875 0.38515625 0.1703125 0.296875
3 0.10859375 0.5828125 0.1921875 0.2703125
3 0.71015625 0.68984375 0.1296875 0.290625
3 0.3625 0.703125 0.2203125 0.309375
3 0.6015625 0.73515625 0.203125 0.334375
3 0.4484375 0.82890625 0.2125 0.275
3 0.1859375 0.83984375 0.2171875 0.3125
3 0.44609375 0.9453125 0.2484375 0.109375
3 0.684375 0.96953125 0.2 0.0609375
3 0.59375 0.140625 0.2234375 0.275
3 0.9046875 0.14453125 0.1546875 0.259375
3 0.3390625 0.31953125 0.1828125 0.3015625
3 0.8328125 0.3625 0.2203125 0.328125