3 0.38828125 0.27578125 0.053125 0.1
3 0.33984375 0.28359375 0.0703125 0.121875
3 0.2734375 0.2859375 0.0734375 0.13125
3 0.2015625 0.31328125 0.0640625 0.0859375
3 0.3875 0.0328125 0.065625 0.065625
3 0.58828125 0.34765625 0.0765625 0.11875
3 0.65234375 0.34765625 0.071875 0.11875
3 0.425 0.35546875 0.0640625 0.1078125
3 0.265625 0.35703125 0.078125 0.109375
3 0.3390625 0.3609375 0.075 0.08125
3 0.20703125 0.384375 0.053125 0.0703125
3 0.46328125 0.40546875 0.0734375 0.1234375
3 0.5203125 0.40546875 0.0578125 0.0875
3 0.18203125 0.04453125 0.0703125 0.0890625
3 0.30078125 0.4734375 0.059375 0.1125
3 0.34453125 0.47890625 0.0625 0.1078125
3 0.40703125 0.47890625 0.0734375 0.11875
3 0.484375 0.515625 0.078125 0.096875
3 0.7 0.5265625 0.0703125 0.1171875
3 0.56328125 0.55546875 0.0796875 0.1390625
3 0.3625 0.559375 0.0515625 0.0671875
3 0.41953125 0.5671875 0.06875 0.078125
3 0.63359375 0.575 0.0765625 0.125
3 0.5015625 0.590625 0.0609375 0.109375
3 0.1140625 0.06015625 0.075 0.1109375
3 0.81953125 0.6140625 0.0859375 0.125
3 0.465625 0.6234375 0.0328125 0.08125
3 0.9484375 0.62890625 0.0734375 0.1296875
3 0.89453125 0.671875 0.078125 0.1265625
3 0.5484375 0.68203125 0.0765625 0.1109375
3 0.615625 0.68671875 0.075 0.1078125
3 0.77578125 0.69140625 0.075 0.096875
3 0.48828125 0.696875 0.0578125 0.103125
3 0.72734375 0.7046875 0.0546875 0.11875
3 0.5609375 0.753125 0.059375 0.0515625
3 0.81796875 0.8109375 0.09375 0.146875
3 0.7484375 0.81328125 0.0671875 0.0796875
3 0.596875 0.8203125 0.0734375 0.1234375
3 0.97265625 0.83828125 0.0546875 0.11875
3 0.6640625 0.83984375 0.075 0.1375
3 0.90703125 0.8515625 0.0875 0.15
3 0.71171875 0.8609375 0.046875 0.115625
3 0.7734375 0.88046875 0.0703125 0.1390625
3 0.36953125 0.0921875 0.075 0.121875
3 0.84296875 0.93671875 0.0859375 0.1265625
3 0.9203125 0.94765625 0.0765625 0.0953125
3 0.978125 0.95 0.04375 0.0890625
3 0.746875 0.95625 0.078125 0.0875
3 0.090625 0.1328125 0.071875 0.0875
3 0.0328125 0.15390625 0.0546875 0.0875
3 0.4421875 0.15390625 0.071875 0.0921875
3 0.2765625 0.1796875 0.0671875 0.096875
3 0.48984375 0.22578125 0.040625 0.0578125
3 0.20546875 0.23984375 0.078125 0.1078125
3 0.134375 0.24765625 0.0671875 0.11875