3 0.9234375 0.0171875 0.0609375 0.034375
3 0.7453125 0.0203125 0.065625 0.040625
3 0.4265625 0.215625 0.1546875 0.19375
3 0.59296875 0.225 0.05625 0.121875
3 0.1234375 0.2421875 0.0484375 0.078125
3 0.60859375 0.2921875 0.0921875 0.1
3 0.45859375 0.32734375 0.0796875 0.090625
3 0.3671875 0.33828125 0.1046875 0.159375
3 0.26640625 0.34296875 0.146875 0.1875
3 0.68984375 0.36640625 0.153125 0.1875
3 0.5546875 0.3953125 0.1578125 0.2125
3 0.4265625 0.41953125 0.1234375 0.1765625
3 0.75859375 0.42890625 0.1359375 0.2046875
3 0.11328125 0.453125 0.08125 0.0984375
3 0.240625 0.45859375 0.1515625 0.1703125
3 0.6453125 0.50625 0.1296875 0.1734375
3 0.35703125 0.52109375 0.1328125 0.11875
3 0.8171875 0.05703125 0.1375 0.1140625
3 0.52109375 0.5703125 0.1328125 0.1828125
3 0.40078125 0.6125 0.1421875 0.1859375
3 0.2578125 0.61875 0.1609375 0.1984375
3 0.02265625 0.7734375 0.0453125 0.08125
3 0.14765625 0.8234375 0.0734375 0.1
3 0.4203125 0.8546875 0.065625 0.0953125
3 0.2734375 0.85625 0.0875 0.1046875
3 0.06484375 0.87421875 0.1296875 0.2015625
3 0.715625 0.875 0.08125 0.1015625
3 0.7796875 0.91171875 0.0671875 0.0921875
3 0.3296875 0.9203125 0.0828125 0.0953125
3 0.634375 0.928125 0.0890625 0.1171875
3 0.5734375 0.94140625 0.0390625 0.0765625
3 0.8421875 0.96015625 0.09375 0.0796875
3 0.69375 0.96328125 0.103125 0.0734375
3 0.7640625 0.96953125 0.065625 0.0609375
3 0.20703125 0.1484375 0.04375 0.05625