3 0.23828125 0.2203125 0.0640625 0.103125
3 0.5453125 0.2546875 0.059375 0.11875
3 0.3796875 0.3296875 0.0765625 0.1265625
3 0.42578125 0.33203125 0.0515625 0.059375
3 0.23046875 0.34609375 0.084375 0.11875
3 0.171875 0.3578125 0.05625 0.1046875
3 0.46328125 0.39609375 0.071875 0.1140625
3 0.290625 0.40546875 0.078125 0.109375
3 0.21796875 0.43359375 0.0859375 0.1171875
3 0.36015625 0.4375 0.0765625 0.11875
3 0.4125 0.4625 0.0640625 0.1140625
3 0.2890625 0.46953125 0.0671875 0.0453125
3 0.475 0.48359375 0.0453125 0.08125
3 0.34765625 0.5203125 0.0765625 0.0890625
3 0.28046875 0.54140625 0.06875 0.1171875
3 0.4484375 0.5484375 0.053125 0.0875
3 0.85390625 0.56484375 0.0671875 0.1203125
3 0.4 0.5875 0.08125 0.1140625
3 0.32890625 0.5890625 0.0640625 0.078125
3 0.22890625 0.59453125 0.040625 0.0890625
3 0.26484375 0.6359375 0.0765625 0.1140625
3 0.78125 0.7734375 0.06875 0.1234375
3 0.85234375 0.775 0.059375 0.1296875