5 0.13984375 0.25390625 0.215625 0.2828125
5 0.34921875 0.25234375 0.2 0.28203125
5 0.34296875 0.53515625 0.2125 0.2609375
5 0.1375 0.54765625 0.19375 0.30859375
5 0.1453125 0.83515625 0.21796875 0.28671875
5 0.36484375 0.81328125 0.20703125 0.2671875
7 0.63046875 0.1953125 0.21875 0.23984375
7 0.82890625 0.29609375 0.27734375 0.33203125
7 0.6078125 0.44296875 0.25 0.290625
7 0.6265625 0.75859375 0.2203125 0.334375
7 0.8671875 0.77734375 0.25546875 0.30390625
7 0.8390625 0.54453125 0.25546875 0.2171875