3 0.340625 0.18984375 0.096875 0.15
3 0.5421875 0.225 0.0859375 0.15
3 0.73046875 0.2421875 0.0859375 0.1421875
3 0.66640625 0.27734375 0.075 0.134375
3 0.5921875 0.34296875 0.075 0.153125
3 0.46171875 0.5515625 0.0796875 0.1203125
3 0.62734375 0.57109375 0.0828125 0.1328125
3 0.85625 0.6390625 0.0796875 0.1453125
3 0.39375 0.7046875 0.0609375 0.0984375
3 0.36875 0.7796875 0.0609375 0.0953125
3 0.55078125 0.81953125 0.0578125 0.109375
3 0.41640625 0.87578125 0.0546875 0.0859375
3 0.55078125 0.91640625 0.053125 0.0921875
3 0.4578125 0.91953125 0.034375 0.0828125
3 0.49375 0.921875 0.05 0.0875
3 0.48671875 0.97578125 0.0390625 0.0484375