3 0.38203125 0.23359375 0.0875 0.1359375
3 0.58046875 0.2359375 0.075 0.0953125
3 0.8515625 0.24921875 0.134375 0.2109375
3 0.32265625 0.2625 0.0875 0.1390625
3 0.43828125 0.28359375 0.0640625 0.09375
3 0.76171875 0.28359375 0.1078125 0.190625
3 0.153125 0.3015625 0.053125 0.0890625
3 0.64765625 0.30703125 0.128125 0.1984375
3 0.37109375 0.31171875 0.06875 0.078125
3 0.28203125 0.31796875 0.0625 0.0828125
3 0.56796875 0.321875 0.0640625 0.0890625
3 0.39140625 0.36171875 0.053125 0.0984375
3 0.49765625 0.37109375 0.11875 0.2015625
3 0.346875 0.37578125 0.0625 0.0609375
3 0.44296875 0.384375 0.0578125 0.121875
3 0.275 0.3890625 0.0734375 0.1046875
3 0.6859375 0.39609375 0.075 0.0953125
3 0.59765625 0.43359375 0.125 0.1625
3 0.34453125 0.446875 0.0921875 0.1171875
3 0.21484375 0.5484375 0.0765625 0.121875
3 0.171875 0.60390625 0.0875 0.1171875
3 0.540625 0.61328125 0.128125 0.2015625
3 0.6671875 0.64375 0.078125 0.121875
3 0.37734375 0.6765625 0.03125 0.0484375
3 0.4515625 0.69765625 0.0296875 0.0375
3 0.34296875 0.70078125 0.0390625 0.053125
3 0.5125 0.7203125 0.03125 0.04375
3 0.79453125 0.73515625 0.078125 0.13125
3 0.4875 0.73984375 0.0359375 0.046875
3 0.70859375 0.7546875 0.090625 0.1265625
3 0.35078125 0.77578125 0.0390625 0.0578125
3 0.2953125 0.77734375 0.04375 0.0515625
3 0.51328125 0.7875 0.0265625 0.0484375
3 0.58515625 0.7875 0.034375 0.0484375
3 0.4578125 0.80078125 0.0421875 0.0625
3 0.48828125 0.809375 0.040625 0.0625
3 0.5328125 0.8171875 0.0328125 0.05625
3 0.35078125 0.82890625 0.0390625 0.040625
3 0.56015625 0.83359375 0.0296875 0.053125
3 0.175 0.8515625 0.1 0.1421875
3 0.4953125 0.9015625 0.0375 0.0515625
3 0.6328125 0.90703125 0.115625 0.1859375
3 0.7109375 0.9203125 0.121875 0.159375
3 0.453125 0.9734375 0.040625 0.053125
3 0.5171875 0.15546875 0.0953125 0.146875
3 0.1921875 0.16328125 0.11875 0.184375
3 0.0703125 0.17265625 0.140625 0.2359375
3 0.3046875 0.19140625 0.0734375 0.05625
3 0.6953125 0.19140625 0.090625 0.109375
3 0.22734375 0.2171875 0.078125 0.1328125