5 0.30078125 0.14609375 0.1953125 0.22109375
5 0.08671875 0.23515625 0.17265625 0.2484375
5 0.21796875 0.38671875 0.26484375 0.2828125
5 0.0375 0.5265625 0.07421875 0.3265625
5 0.1703125 0.7703125 0.3109375 0.43203125
5 0.4578125 0.8953125 0.3515625 0.209375
5 0.7953125 0.78359375 0.3546875 0.4328125
5 0.471875 0.57109375 0.30078125 0.346875
5 0.490625 0.27109375 0.2328125 0.24609375
5 0.73359375 0.40234375 0.25859375 0.2921875
5 0.5 0.0734375 0.19140625 0.146875
5 0.69453125 0.1640625 0.21953125 0.20078125
5 0.90859375 0.27578125 0.18203125 0.23984375
5 0.878125 0.0796875 0.22890625 0.15625
5 0.934375 0.5625 0.13125 0.33125