3 0.81328125 0.4625 0.125 0.125
3 0.890625 0.06015625 0.21875 0.1203125
3 0.4046875 0.6375 0.125 0.1203125
3 0.2953125 0.66015625 0.09375 0.103125
3 0.4375 0.74921875 0.084375 0.09375
3 0.23984375 0.76015625 0.1078125 0.115625
3 0.33359375 0.76875 0.115625 0.115625
3 0.653125 0.153125 0.1421875 0.2
3 0.76015625 0.15546875 0.240625 0.240625
3 0.46875 0.1890625 0.2 0.1203125
3 0.884375 0.19765625 0.0796875 0.1640625
3 0.9578125 0.221875 0.084375 0.2046875
3 0.2890625 0.29140625 0.23125 0.2359375
3 0.51796875 0.3375 0.2453125 0.2484375
3 0.621875 0.4109375 0.23125 0.2265625
3 0.13984375 0.43125 0.2625 0.25