3 0.671875 0.16796875 0.05625 0.0796875
3 0.61796875 0.221875 0.0890625 0.121875
3 0.690625 0.2671875 0.075 0.1296875
3 0.559375 0.28359375 0.09375 0.1296875
3 0.35859375 0.30625 0.1125 0.159375
3 0.46640625 0.31328125 0.109375 0.1640625
3 0.6546875 0.328125 0.0921875 0.134375
3 0.7125 0.37890625 0.075 0.1203125
3 0.575 0.3859375 0.1046875 0.134375
3 0.41171875 0.43203125 0.0953125 0.15625
3 0.7265625 0.4375 0.0734375 0.109375
3 0.4984375 0.43828125 0.090625 0.13125
3 0.67421875 0.475 0.071875 0.1109375
3 0.6328125 0.5203125 0.0984375 0.15625
3 0.7890625 0.52734375 0.090625 0.1171875
3 0.4546875 0.54375 0.0984375 0.1265625
3 0.54375 0.56328125 0.0921875 0.146875
3 0.3859375 0.56484375 0.0875 0.1609375
3 0.67265625 0.609375 0.0859375 0.1171875
3 0.78125 0.61171875 0.10625 0.15
3 0.3609375 0.640625 0.0546875 0.090625
3 0.47734375 0.6578125 0.08125 0.1375
3 0.4203125 0.68359375 0.0796875 0.1078125
3 0.5546875 0.6875 0.0921875 0.1375
3 0.79140625 0.690625 0.0640625 0.0609375
3 0.62421875 0.6921875 0.08125 0.1375
3 0.73046875 0.72421875 0.090625 0.1359375
3 0.515625 0.74296875 0.084375 0.10625
3 0.59296875 0.76484375 0.0734375 0.0828125
3 0.6625 0.76484375 0.0828125 0.128125
3 0.8984375 0.7828125 0.115625 0.1671875
3 0.7484375 0.81015625 0.090625 0.1203125
3 0.6640625 0.83671875 0.084375 0.096875
3 0.7421875 0.88515625 0.0859375 0.09375