3 0.33671875 0.26953125 0.1671875 0.125
3 0.5765625 0.278125 0.1578125 0.1109375
3 0.215625 0.2859375 0.1609375 0.1328125
3 0.046875 0.29296875 0.053125 0.04375
3 0.65078125 0.33046875 0.03125 0.0390625
3 0.3953125 0.3625 0.1640625 0.1046875
3 0.44921875 0.43515625 0.071875 0.046875
3 0.3140625 0.5109375 0.165625 0.1171875
3 0.40078125 0.5171875 0.0640625 0.109375
3 0.72421875 0.575 0.075 0.0734375
3 0.1421875 0.6046875 0.146875 0.103125
3 0.303125 0.67265625 0.140625 0.1015625
3 0.134375 0.6859375 0.090625 0.0546875
3 0.87109375 0.07109375 0.0453125 0.0390625
3 0.1859375 0.7171875 0.140625 0.0984375
3 0.378125 0.74765625 0.1078125 0.071875
3 0.171875 0.78203125 0.1453125 0.0765625
3 0.30234375 0.8375 0.1203125 0.0828125
3 0.5859375 0.840625 0.13125 0.109375
3 0.54140625 0.925 0.13125 0.09375
3 0.81796875 0.1015625 0.0578125 0.0375
3 0.44453125 0.153125 0.16875 0.134375