12 0.3765625 0.06796875 0.25703125 0.13515625
12 0.6640625 0.078125 0.234375 0.15625
12 0.5578125 0.30859375 0.2015625 0.29296875
12 0.26953125 0.303125 0.21015625 0.24921875
12 0.078125 0.16328125 0.1546875 0.28984375
12 0.14375 0.5125 0.22109375 0.29453125
12 0.38046875 0.54453125 0.153125 0.30234375
12 0.56953125 0.6546875 0.17421875 0.25078125
12 0.80703125 0.64765625 0.18984375 0.2734375
12 0.71015625 0.9 0.196875 0.1625
12 0.4625 0.86953125 0.17890625 0.21015625
12 0.27578125 0.82109375 0.15234375 0.24765625
12 0.07109375 0.828125 0.14140625 0.26171875
12 0.7625 0.3578125 0.18828125 0.2796875
12 0.903125 0.13671875 0.14140625 0.25859375