10 0.165625 0.45390625 0.090625 0.1171875
10 0.17421875 0.5703125 0.0796875 0.11328125
10 0.1625 0.68828125 0.08125 0.1203125
10 0.15859375 0.8078125 0.0796875 0.11015625
10 0.22890625 0.809375 0.06875 0.1125
10 0.3109375 0.7875 0.0890625 0.11640625
10 0.2765625 0.3671875 0.08046875 0.13359375
10 0.34140625 0.30859375 0.06015625 0.11328125
10 0.421875 0.3234375 0.0765625 0.1265625
10 0.4484375 0.43203125 0.06640625 0.1078125
10 0.29140625 0.48125 0.0765625 0.10546875
10 0.31875 0.59921875 0.0765625 0.11171875
10 0.40078125 0.57890625 0.075 0.13046875
10 0.46875 0.5375 0.06015625 0.10546875
10 0.5421875 0.403125 0.075 0.11484375
10 0.5640625 0.51015625 0.06953125 0.09921875
10 0.59296875 0.61171875 0.07109375 0.1265625
10 0.646875 0.7421875 0.0875 0.125
10 0.6734375 0.5953125 0.078125 0.10625
10 0.6796875 0.47890625 0.07421875 0.10625
10 0.6921875 0.378125 0.06953125 0.10390625
10 0.80390625 0.28359375 0.0875 0.11484375
10 0.8890625 0.27734375 0.08046875 0.140625
10 0.80703125 0.39296875 0.07421875 0.10859375
10 0.79375 0.51484375 0.0796875 0.11640625
10 0.89140625 0.77265625 0.090625 0.12109375
10 0.80390625 0.7671875 0.08984375 0.11640625
10 0.86875 0.5 0.06328125 0.11171875
10 0.79140625 0.6421875 0.07890625 0.1078125