3 0.22734375 0.215625 0.18125 0.1625
3 0.53828125 0.26171875 0.153125 0.146875
3 0.40078125 0.2921875 0.178125 0.175
3 0.26328125 0.35078125 0.1890625 0.175
3 0.61953125 0.39140625 0.125 0.153125
3 0.525 0.40546875 0.1734375 0.1625
3 0.78984375 0.43984375 0.1578125 0.15
3 0.378125 0.48515625 0.1609375 0.1609375
3 0.71484375 0.53359375 0.140625 0.15
3 0.834375 0.53984375 0.1390625 0.15
3 0.28515625 0.61171875 0.1640625 0.1765625
3 0.3890625 0.61640625 0.1359375 0.1375
3 0.56640625 0.640625 0.1703125 0.1625
3 0.72578125 0.66328125 0.140625 0.1265625
3 0.4203125 0.69609375 0.1796875 0.1484375
3 0.6390625 0.771875 0.0953125 0.1640625
3 0.55703125 0.7765625 0.1671875 0.15
3 0.759375 0.78828125 0.159375 0.15625
3 0.44296875 0.80390625 0.1203125 0.109375
3 0.5609375 0.91796875 0.165625 0.15