3 0.0328125 0.28125 0.065625 0.128125
3 0.115625 0.3 0.0828125 0.128125
3 0.62578125 0.30703125 0.0875 0.1359375
3 0.81953125 0.31484375 0.0875 0.13125
3 0.35546875 0.325 0.0984375 0.1234375
3 0.73984375 0.35859375 0.1125 0.146875
3 0.98671875 0.375 0.0265625 0.109375
3 0.22421875 0.4609375 0.1390625 0.171875
3 0.94375 0.04609375 0.1125 0.0875
3 0.7671875 0.4765625 0.1140625 0.1390625
3 0.93828125 0.48984375 0.1234375 0.1921875
3 0.4 0.5234375 0.11875 0.1328125
3 0.69921875 0.0546875 0.1046875 0.109375
3 0.4859375 0.05859375 0.0609375 0.0625
3 0.75234375 0.5703125 0.1046875 0.103125
3 0.92578125 0.61796875 0.1375 0.1609375
3 0.15234375 0.68984375 0.0921875 0.1359375
3 0.60625 0.6984375 0.0984375 0.1359375
3 0.5609375 0.07890625 0.090625 0.109375
3 0.30625 0.08046875 0.09375 0.0796875
3 0.165625 0.81484375 0.1390625 0.175
3 0.62265625 0.96328125 0.090625 0.0734375
3 0.76015625 0.12734375 0.1125 0.1359375
3 0.32734375 0.22265625 0.0875 0.1203125
3 0.69765625 0.26328125 0.10625 0.1359375
3 0.57578125 0.26484375 0.065625 0.10625