8 0.4019006003783733 0.8497530161379515 0.1911237015966055 0.17636362087727803
8 0.15953805094921453 0.6289378001270569 0.17224636760421674 0.1721465577372161
8 0.8514046269957569 0.1579339113280374 0.17722302768032883 0.14126057878390336
8 0.15120033304098665 0.385878044865385 0.167113198630856 0.16093604195220051
8 0.6434023508726648 0.8380364532096507 0.20184102570316256 0.13334166297065303
8 0.6197288626613009 0.10329743216296332 0.1837568705699663 0.18684609456891893
8 0.6362915519377977 0.6058686953171429 0.19137836958138302 0.18261362087727823
8 0.8799181710248891 0.7616126481738578 0.1762043557412188 0.11626057878390342
8 0.633917332546695 0.3554136690087837 0.1759443705699663 0.18639106826055968
8 0.8682671107213155 0.4756751481738578 0.17805069863085593 0.16157307878390342
8 0.1609572653974013 0.855955326435416 0.19367569863085596 0.16248313140062187
8 0.3946943009492145 0.6152415082454435 0.17849636760421675 0.1725105787839034
8 0.38750661167271766 0.11212421352123289 0.17329953163466155 0.15973756299888783