8 0.37165877718603724 0.11611106180341432 0.1911237015966055 0.17206351687504098
8 0.14839632661519603 0.3586160534507118 0.17224636760421674 0.16828375244707078
8 0.8752797505686537 0.7635316325925033 0.17722302768032883 0.13725200725639422
8 0.1598590445234239 0.6015302397483809 0.167113198630856 0.15718256134007813
8 0.6129695266917456 0.10533721979329709 0.20184102570316256 0.12875002649368783
8 0.6491430149031098 0.8394939649839737 0.1837568705699663 0.1827281983633867
8 0.6247678256266129 0.3372866242398008 0.19137836958138302 0.178313516875041
8 0.8545787065395214 0.15948897333667614 0.1762043557412188 0.11225200725639413
8 0.6427670450177155 0.5870138057281465 0.1759443705699663 0.1824553798517325
8 0.866229766843095 0.4454264733366761 0.17805069863085593 0.1575645072563942
8 0.13135211216700926 0.1323263719623661 0.19367569863085596 0.15811014427970269
8 0.38355257661519604 0.350404216249918 0.17849636760421675 0.16850200725639414
8 0.4173027658916929 0.8522841747801057 0.17329953163466155 0.15583831614940138