8 0.87109375 0.36640625 0.16640625 0.184375
8 0.63671875 0.13359375 0.16171875 0.16484375
8 0.20703125 0.84296875 0.13125 0.17265625
8 0.39375 0.13515625 0.1515625 0.1609375
8 0.8734375 0.6078125 0.12109375 0.19609375
8 0.1390625 0.6140625 0.1765625 0.1765625
8 0.64140625 0.61015625 0.171875 0.184375
8 0.8109375 0.846875 0.10625 0.17265625
8 0.39140625 0.61796875 0.1765625 0.16875
8 0.525 0.846875 0.1515625 0.17265625
8 0.86328125 0.12578125 0.1515625 0.18828125
8 0.63671875 0.36875 0.16171875 0.17265625
8 0.134375 0.38203125 0.15 0.1671875