0 0.5265625 0.74921875 0.11484375 0.1609375
0 0.425 0.73515625 0.0953125 0.16171875
0 0.50546875 0.4703125 0.1109375 0.1484375
0 0.7453125 0.65078125 0.1 0.159375
0 0.57265625 0.55625 0.0796875 0.15078125
0 0.540625 0.915625 0.10859375 0.16484375
0 0.41953125 0.88359375 0.109375 0.140625
0 0.3390625 0.78515625 0.10078125 0.15234375
0 0.71171875 0.775 0.09453125 0.14921875
0 0.60703125 0.69375 0.09609375 0.1546875
0 0.65234375 0.9375 0.11640625 0.12421875
0 0.62890625 0.8375 0.1 0.13046875
0 0.35546875 0.63984375 0.10390625 0.15546875
0 0.66640625 0.5765625 0.1015625 0.15703125
0 0.778125 0.89453125 0.09375 0.14765625
0 0.465625 0.17109375 0.12109375 0.15234375
0 0.36796875 0.15625 0.0953125 0.11953125
0 0.43125 0.56015625 0.07890625 0.14765625
0 0.49765625 0.61015625 0.11484375 0.1453125