0 0.528125 0.51953125 0.17734375 0.1109375
0 0.5296875 0.42109375 0.1671875 0.10390625
0 0.69765625 0.58046875 0.15625 0.12109375
0 0.8265625 0.49765625 0.14296875 0.07890625
0 0.7203125 0.46640625 0.1546875 0.10703125
0 0.61640625 0.4625 0.09140625 0.09453125
0 0.128125 0.52109375 0.15703125 0.08125
0 0.284375 0.5625 0.17734375 0.07734375
0 0.4734375 0.58828125 0.18515625 0.096875
0 0.7359375 0.67578125 0.18671875 0.06953125
0 0.60390625 0.62578125 0.0953125 0.065625
0 0.025 0.49453125 0.05 0.05703125
0 0.21640625 0.47265625 0.1125 0.07421875