0 0.68203125 0.75625 0.12578125 0.084375
0 0.90390625 0.734375 0.121875 0.0765625
0 0.2953125 0.59375 0.10703125 0.07421875
0 0.1921875 0.47421875 0.10703125 0.071875
0 0.33984375 0.48203125 0.10703125 0.0703125
0 0.3890625 0.565625 0.1 0.07265625
0 0.265625 0.54453125 0.1078125 0.071875
0 0.16875 0.53515625 0.0953125 0.053125
0 0.153125 0.5625 0.103125 0.0640625
0 0.21171875 0.61796875 0.10234375 0.0546875
0 0.31640625 0.6640625 0.0953125 0.0421875
0 0.453125 0.84921875 0.11796875 0.07578125
0 0.56015625 0.7515625 0.09765625 0.0703125