0 0.30078125 0.4484375 0.090625 0.153125
0 0.48515625 0.45234375 0.1 0.1546875
0 0.38984375 0.4734375 0.09375 0.14296875
0 0.3546875 0.56640625 0.0984375 0.15625
0 0.45390625 0.56328125 0.09921875 0.14453125
0 0.55390625 0.88671875 0.0890625 0.159375
0 0.615625 0.8609375 0.08125 0.13828125
0 0.51875 0.71328125 0.08984375 0.128125
0 0.4625 0.70078125 0.07265625 0.10703125
0 0.575 0.509375 0.09453125 0.14296875
0 0.63046875 0.65703125 0.0796875 0.1296875
0 0.5359375 0.6390625 0.09453125 0.13515625
0 0.80625 0.86796875 0.09296875 0.14921875
0 0.88515625 0.915625 0.103125 0.14609375
0 0.66484375 0.8828125 0.078125 0.128125
0 0.62578125 0.9671875 0.07421875 0.06484375