3 0.634375 0.0296875 0.1921875 0.059375
3 0.3703125 0.45078125 0.1796875 0.2328125
3 0.5421875 0.4546875 0.171875 0.19375
3 0.8078125 0.5328125 0.2375 0.2890625
3 0.0796875 0.540625 0.0796875 0.1515625
3 0.1828125 0.559375 0.1625 0.18125
3 0.60234375 0.6078125 0.234375 0.2953125
3 0.3171875 0.6328125 0.1375 0.203125
3 0.4484375 0.66328125 0.1734375 0.2328125
3 0.22109375 0.68125 0.121875 0.13125
3 0.3140625 0.74375 0.121875 0.0953125
3 0.3765625 0.77265625 0.1015625 0.1
3 0.56796875 0.790625 0.165625 0.16875