3 0.60078125 0.33515625 0.2953125 0.1890625
3 0.3171875 0.37890625 0.2671875 0.1875
3 0.83203125 0.43828125 0.2671875 0.19375
3 0.62734375 0.46015625 0.2203125 0.1578125
3 0.44921875 0.48125 0.2671875 0.1859375
3 0.91953125 0.553125 0.1609375 0.15625
3 0.76171875 0.55859375 0.2140625 0.1453125
3 0.315625 0.5984375 0.2875 0.1859375
3 0.565625 0.61796875 0.2546875 0.1734375
3 0.76328125 0.675 0.228125 0.1390625
3 0.78671875 0.725 0.2640625 0.1296875
3 0.253125 0.7328125 0.2140625 0.1453125
3 0.62890625 0.734375 0.2 0.109375
3 0.4296875 0.7375 0.240625 0.1421875
3 0.6578125 0.846875 0.26875 0.178125
3 0.39453125 0.8671875 0.2984375 0.2